894	896	898	900	904	904	902	899	896	893	889	884	879	874	870	866	863	862	862	863	866	870	875	881
896	904	907	908	910	914	914	912	909	906	903	899	894	889	884	880	876	874	873	873	874	877	881	886
925	906	915	916	918	920	924	923	921	919	916	912	908	904	899	894	890	886	884	883	882	884	887	891
940	936	917	926	928	930	931	935	934	932	930	927	924	919	915	910	905	901	898	895	894	894	895	898
932	951	948	929	937	939	941	942	946	945	943	941	938	934	930	926	921	916	912	909	906	905	905	907
953	950	970	967	948	956	958	960	961	964	964	962	959	956	953	949	945	940	935	931	927	925	924	924
970	959	957	977	975	955	964	966	967	969	972	971	969	967	964	961	956	952	947	943	938	935	933	931
918	976	965	963	983	981	962	971	972	974	976	978	978	976	973	971	967	963	959	954	949	945	942	940
884	921	977	966	965	986	984	964	973	975	976	978	981	980	978	976	973	969	965	961	956	952	948	944
897	898	936	992	981	980	1001	999	980	989	990	992	994	996	996	994	991	988	985	981	977	972	967	963
875	905	908	946	1001	990	989	1011	1009	990	999	1000	1002	1004	1006	1006	1004	1001	998	995	991	987	982	977
870	884	914	918	956	1011	999	999	1021	1020	1000	1010	1011	1013	1014	1017	1017	1015	1012	1009	1006	1001	997	993
849	881	896	925	930	968	1023	1011	1011	1033	1033	1013	1022	1024	1025	1027	1029	1029	1027	1024	1021	1018	1014	1010
894	850	882	897	925	931	969	1023	1011	1012	1034	1034	1014	1024	1025	1027	1028	1031	1030	1028	1026	1023	1019	1015
963	889	847	879	894	921	928	966	1018	1006	1007	1030	1030	1010	1020	1021	1023	1024	1027	1026	1024	1022	1019	1015
966	964	891	850	882	896	923	931	969	1021	1009	1010	1033	1034	1014	1023	1025	1026	1028	1030	1030	1028	1025	1022
1019	968	965	893	853	886	900	926	935	973	1024	1012	1013	1037	1037	1018	1027	1029	1030	1032	1034	1033	1031	1029
1004	1010	961	957	887	849	882	896	921	930	968	1018	1006	1008	1031	1032	1013	1022	1023	1025	1026	1028	1028	1026
997	976	980	933	929	861	826	857	871	896	906	943	991	979	981	1005	1006	987	996	998	999	1001	1002	1002
814	862	846	846	808	803	747	718	745	758	777	788	820	860	850	852	873	874	858	866	867	868	869	871
761	735	775	762	761	729	723	675	651	675	686	703	714	742	777	768	771	789	792	776	783	785	786	787
759	776	751	788	776	773	744	736	691	668	692	703	719	732	759	793	784	787	806	809	794	801	802	803
921	836	855	828	862	852	847	819	809	765	743	767	779	796	811	840	874	865	869	889	893	877	884	886
904	945	868	886	858	891	882	874	847	836	793	770	794	808	825	844	873	907	898	903	924	930	912	920
1011	934	971	900	917	889	920	912	903	877	864	823	801	825	839	856	876	905	939	930	936	957	963	945
981	1051	979	1010	944	961	931	961	954	944	919	906	865	845	868	883	899	920	949	982	973	979	1000	1007
983	945	1013	946	973	912	927	898	926	920	908	885	872	833	813	836	851	866	888	916	949	939	946	967
857	992	958	1024	961	984	926	941	911	938	933	920	898	884	846	827	849	864	880	902	930	962	953	960
973	858	984	954	1017	958	979	924	938	908	934	929	916	895	880	843	825	847	862	877	900	928	959	950
883	945	842	959	931	992	938	955	904	917	888	912	908	894	874	859	824	806	828	843	858	881	908	939
789	875	935	840	951	925	985	933	948	899	912	883	906	902	889	869	854	819	802	824	839	853	877	903
838	791	874	930	844	947	924	981	934	946	900	912	883	905	902	888	869	854	820	804	825	840	854	878
826	835	790	869	922	843	941	920	976	931	942	898	910	881	902	899	884	866	851	818	801	822	837	851
851	846	856	812	888	939	865	959	940	995	952	961	918	930	901	922	919	904	886	871	838	822	843	858
763	820	814	824	782	856	904	834	925	908	962	921	929	887	899	870	890	887	872	855	839	807	791	812
806	767	822	815	825	784	856	902	837	925	909	963	924	930	890	902	872	892	889	874	857	840	808	792
815	825	789	842	834	845	805	875	919	858	943	929	981	945	949	910	922	892	912	909	893	877	860	828
785	843	855	822	872	864	875	836	904	947	889	972	959	1011	977	979	941	953	923	943	940	924	908	890
770	771	827	841	811	859	851	861	824	890	931	876	957	945	996	964	966	928	940	910	929	927	910	894
884	782	782	835	852	824	870	862	872	836	901	941	888	968	957	1008	977	977	941	953	923	941	939	922
892	900	801	801	853	871	845	890	881	891	856	920	958	908	986	976	1026	997	996	961	973	942	961	959
963	905	913	816	815	865	885	861	904	895	905	871	934	971	923	999	990	1040	1012	1011	976	988	957	976
1003	940	883	889	795	794	842	863	842	883	874	884	850	912	949	902	977	969	1019	992	990	955	967	937
1071	992	930	872	877	785	783	830	853	833	873	864	874	841	902	937	893	967	959	1008	983	980	946	958
1070	1072	995	932	875	879	789	787	833	857	839	878	868	878	846	906	940	897	970	963	1012	988	984	951
1067	1064	1066	991	929	872	875	787	785	829	855	839	876	866	877	845	904	937	896	967	961	1010	987	982
1193	1083	1079	1081	1007	945	888	890	804	802	845	872	858	894	884	894	863	921	954	914	985	979	1028	1006
1137	1177	1071	1065	1068	995	933	876	877	793	790	832	861	848	883	873	883	852	911	942	903	973	969	1017
1173	1156	1194	1091	1085	1087	1016	954	897	897	815	812	853	883	872	906	895	906	876	933	964	926	995	992
1150	1172	1156	1193	1092	1084	1087	1017	955	898	898	817	814	854	885	875	908	897	908	878	935	965	929	997
1142	1153	1175	1159	1194	1095	1087	1089	1020	959	901	900	820	816	856	888	879	912	901	912	882	939	969	933
1225	1147	1158	1179	1163	1197	1100	1091	1094	1026	965	907	905	827	823	862	895	888	919	908	919	890	946	975
1167	1230	1156	1167	1186	1171	1203	1109	1099	1102	1035	974	917	914	837	833	871	906	899	930	919	930	901	957
1170	1160	1222	1151	1161	1180	1165	1195	1103	1093	1095	1030	969	912	909	833	829	866	902	896	926	915	926	897
1094	1166	1157	1218	1150	1160	1177	1163	1192	1102	1091	1094	1029	969	911	907	833	828	865	902	897	926	915	926
1102	1102	1173	1167	1227	1162	1172	1188	1174	1202	1114	1102	1105	1041	980	922	918	844	840	876	914	911	940	928
1059	1106	1107	1177	1173	1232	1170	1180	1196	1182	1208	1122	1110	1113	1050	989	931	926	854	849	885	924	922	950
1085	1066	1114	1115	1185	1182	1241	1181	1191	1206	1193	1218	1133	1120	1123	1061	1000	942	936	864	860	895	936	935
976	1086	1070	1116	1118	1188	1187	1245	1188	1197	1212	1199	1222	1140	1126	1130	1069	1008	949	943	873	868	902	944
1050	982	1091	1076	1122	1124	1195	1195	1252	1198	1207	1221	1208	1230	1149	1136	1140	1079	1018	960	953	883	879	913
1055	1058	992	1100	1087	1133	1135	1206	1208	1264	1212	1222	1235	1222	1243	1164	1150	1154	1094	1033	974	967	898	893
1069	1067	1070	1006	1113	1101	1147	1150	1221	1224	1280	1231	1240	1252	1240	1260	1182	1167	1172	1112	1051	992	984	916
1098	1076	1074	1077	1016	1121	1111	1157	1160	1231	1236	1292	1244	1254	1265	1254	1273	1196	1181	1186	1127	1065	1006	998
1147	1101	1080	1078	1082	1023	1127	1118	1164	1168	1238	1244	1300	1255	1264	1275	1264	1282	1207	1191	1197	1138	1077	1017
1127	1147	1102	1083	1081	1084	1028	1130	1123	1168	1173	1244	1251	1306	1263	1272	1283	1272	1289	1215	1199	1205	1147	1086
1195	1133	1153	1108	1091	1088	1092	1038	1139	1133	1179	1184	1255	1264	1318	1278	1287	1297	1287	1303	1231	1214	1221	1163
1247	1191	1130	1148	1104	1088	1086	1090	1039	1138	1134	1179	1185	1255	1265	1319	1281	1290	1300	1290	1305	1235	1218	1225
1351	1246	1191	1131	1147	1104	1089	1088	1091	1042	1140	1137	1182	1188	1258	1269	1322	1287	1296	1305	1296	1309	1241	1224
1066	1344	1241	1185	1126	1141	1099	1086	1084	1088	1041	1137	1135	1180	1186	1256	1268	1321	1287	1296	1306	1296	1309	1242
1005	1065	1343	1239	1183	1126	1140	1098	1086	1084	1088	1043	1138	1137	1182	1189	1258	1271	1324	1292	1301	1310	1301	1313
1048	997	1056	1332	1230	1174	1117	1130	1089	1079	1077	1081	1038	1131	1132	1175	1183	1252	1266	1318	1288	1297	1305	1297
963	1043	994	1052	1328	1226	1170	1114	1126	1086	1077	1075	1079	1038	1130	1131	1175	1182	1252	1266	1317	1289	1298	1307
839	949	1030	983	1039	1312	1212	1156	1102	1113	1074	1066	1064	1069	1029	1119	1122	1165	1172	1241	1256	1307	1280	1289
721	823	931	1010	966	1021	1290	1192	1137	1085	1095	1057	1050	1049	1053	1016	1104	1108	1150	1158	1226	1242	1291	1266
783	708	808	915	992	951	1005	1271	1174	1120	1069	1079	1042	1036	1035	1040	1004	1090	1095	1136	1145	1211	1228	1277
745	764	692	790	895	971	931	984	1245	1151	1098	1049	1058	1023	1017	1016	1021	987	1071	1076	1117	1126	1192	1209
709	725	742	674	769	872	946	909	961	1216	1125	1073	1026	1034	1000	996	995	1000	968	1050	1056	1096	1105	1169
629	691	706	724	658	751	852	924	889	940	1191	1102	1051	1005	1014	981	977	976	982	951	1032	1038	1078	1087
605	609	668	684	702	638	729	828	898	865	915	1160	1074	1025	980	988	957	954	954	959	930	1009	1015	1054
579	583	589	646	661	678	618	706	803	871	840	889	1128	1044	996	954	961	931	929	929	934	907	984	991
576	558	562	569	625	639	656	599	685	778	845	816	863	1096	1015	969	928	936	907	905	906	911	886	960
490	553	538	543	550	603	618	635	580	663	754	819	792	838	1065	987	942	903	910	883	882	882	888	864
472	463	525	511	517	524	575	590	606	554	635	722	785	760	805	1024	948	906	869	876	850	850	851	856
452	446	439	497	485	492	499	548	562	578	529	607	691	750	728	771	981	909	869	834	841	817	817	818
411	418	414	410	463	454	461	469	515	528	544	499	572	652	709	688	729	929	862	824	792	798	776	777
384	380	387	384	382	432	424	432	440	483	496	511	470	539	615	668	651	690	880	816	780	750	757	736
315	348	346	354	352	351	398	392	400	408	448	461	475	438	503	574	624	609	646	825	765	732	705	711
260	286	320	319	327	325	326	370	366	374	382	421	433	446	412	474	541	589	575	610	780	725	694	668
210	231	255	288	287	296	296	297	338	335	344	352	388	399	412	381	439	502	546	535	568	727	676	647
195	184	204	224	254	255	264	265	268	305	303	312	320	353	364	376	349	402	460	501	492	522	669	623
633	678	710	755	808	881	946	1013	1074	1131	1214	1289	1364	1440	1536	1632	1726	1784	1883	2022	2181	2315	2460	2722
