862	864	866	868	872	871	870	867	864	861	857	852	847	842	838	835	832	831	831	832	835	839	844	849
867	876	878	880	881	885	885	883	880	877	874	870	866	861	856	852	848	846	845	845	846	849	853	858
880	880	889	891	893	894	898	897	895	893	890	887	883	878	874	869	865	861	859	858	858	859	862	866
931	900	898	907	909	911	912	915	915	913	911	908	905	901	896	891	887	883	879	877	876	876	877	880
914	939	910	907	916	918	920	921	924	924	922	919	917	913	909	905	900	896	892	888	886	885	885	886
906	921	946	918	915	923	925	927	928	931	931	929	927	924	920	916	912	907	903	899	896	893	892	892
915	916	932	956	930	925	934	936	938	939	942	941	940	937	934	931	927	923	918	913	910	906	904	903
866	929	929	945	969	944	939	948	949	951	953	955	955	953	950	948	944	940	936	931	927	923	920	917
869	875	937	936	953	976	953	947	956	957	959	961	963	963	961	958	955	952	948	944	939	935	931	928
879	881	888	949	948	966	989	967	960	969	970	972	974	976	976	974	971	968	965	961	957	952	948	944
838	887	890	897	958	957	974	998	976	969	978	979	981	983	985	985	983	980	977	974	970	966	961	957
881	844	892	896	904	964	962	980	1003	983	975	984	985	987	989	991	991	989	986	983	980	976	972	967
844	888	853	901	907	915	974	972	990	1013	994	985	995	996	998	999	1002	1001	999	997	994	991	987	982
878	851	896	862	909	916	924	983	982	1000	1022	1004	995	1004	1006	1008	1009	1011	1011	1009	1006	1003	1000	996
928	879	852	896	864	910	918	927	985	983	1001	1024	1007	997	1006	1008	1010	1011	1013	1013	1011	1008	1005	1002
936	939	890	863	907	875	921	930	940	997	995	1013	1035	1019	1009	1018	1020	1022	1023	1025	1025	1023	1020	1017
975	937	939	890	864	906	876	921	931	941	998	995	1014	1035	1020	1009	1019	1020	1022	1023	1025	1025	1023	1021
976	964	928	929	882	855	896	868	912	923	933	988	985	1003	1024	1010	999	1009	1010	1012	1013	1015	1015	1013
871	921	910	876	876	830	805	844	819	860	871	882	933	930	947	967	955	944	953	954	956	957	959	959
702	653	688	679	654	653	618	599	628	611	641	651	661	697	695	709	723	716	707	713	714	716	717	718
617	586	548	576	568	547	545	517	500	523	512	536	547	555	585	583	595	607	602	594	599	600	601	602
628	649	618	585	610	601	582	577	549	532	555	547	570	584	593	623	620	633	644	642	632	638	639	640
849	746	770	735	705	730	718	699	690	661	641	665	663	686	706	718	751	746	761	774	775	762	770	771
917	919	826	849	814	786	810	796	778	767	737	716	741	742	765	788	803	837	831	847	861	863	849	857
917	920	920	834	857	822	797	819	805	788	776	747	726	750	753	775	800	815	848	842	858	872	875	861
932	933	938	936	855	876	841	818	839	825	808	795	766	745	768	773	795	821	836	869	863	880	893	898
905	928	929	935	931	854	874	840	819	839	824	808	794	767	745	768	775	795	822	838	870	864	880	893
909	902	924	923	931	925	852	871	837	818	837	822	806	792	765	743	765	773	794	821	837	869	863	879
844	913	909	930	929	937	930	860	878	845	827	845	830	815	800	773	751	773	782	802	830	846	878	872
815	846	912	909	929	927	936	929	862	879	846	829	847	831	817	801	775	753	775	785	804	833	849	880
840	827	856	918	917	936	934	944	936	871	887	854	839	856	840	826	810	784	762	784	794	813	842	859
820	846	835	862	922	922	940	938	948	940	876	892	859	845	861	845	831	815	789	767	789	800	819	849
752	829	852	842	867	925	926	943	941	952	943	881	897	864	850	866	850	836	820	794	772	794	805	824
853	765	839	860	851	875	930	933	950	947	959	949	889	904	871	858	874	857	844	827	801	779	801	813
850	855	771	841	860	853	875	928	932	948	945	957	948	889	903	871	858	873	857	844	826	801	779	800
793	870	876	794	862	879	873	894	947	951	966	964	976	966	908	922	890	877	893	876	863	845	820	797
804	809	885	891	812	878	893	888	908	959	964	979	976	990	979	922	936	903	891	906	889	876	858	833
803	812	821	895	901	824	888	901	897	917	966	972	987	984	998	987	930	944	911	899	915	897	884	866
851	814	823	834	907	914	838	900	913	909	928	977	984	998	995	1009	998	941	955	922	911	926	908	895
947	863	826	835	848	920	927	853	913	925	922	940	988	996	1009	1006	1021	1010	954	967	934	923	938	920
960	944	861	825	834	849	919	927	854	913	924	921	939	985	993	1006	1004	1019	1008	952	965	932	921	936
981	966	949	868	832	841	858	927	935	865	921	931	929	946	991	1000	1013	1010	1025	1014	959	972	939	929
1095	987	970	953	873	837	846	865	933	941	872	927	936	935	951	996	1005	1018	1015	1031	1019	965	977	945
1147	1103	997	979	961	882	846	855	876	944	952	884	938	946	945	961	1005	1015	1027	1024	1040	1029	974	987
1106	1150	1106	1000	982	964	886	850	859	881	948	956	890	943	950	950	965	1009	1019	1030	1028	1044	1033	978
1158	1110	1154	1110	1005	985	967	890	855	864	888	954	962	897	949	955	956	970	1013	1024	1035	1033	1049	1037
1175	1161	1114	1157	1113	1010	989	971	896	861	870	895	961	969	906	955	961	962	976	1018	1029	1040	1038	1054
1176	1179	1166	1120	1162	1118	1016	994	976	902	867	876	903	967	976	914	962	968	969	983	1024	1035	1046	1044
1211	1181	1183	1169	1124	1166	1122	1021	998	980	907	872	881	910	974	982	921	969	973	975	988	1029	1041	1051
1193	1215	1186	1188	1174	1129	1170	1126	1027	1003	984	912	877	887	916	980	989	929	975	979	981	994	1034	1046
1223	1210	1231	1203	1203	1189	1144	1186	1141	1042	1017	998	926	892	902	933	996	1005	946	991	995	997	1010	1049
1235	1235	1222	1243	1215	1215	1201	1156	1197	1153	1054	1028	1009	938	903	913	946	1009	1018	960	1005	1008	1010	1023
1220	1240	1241	1229	1248	1221	1220	1206	1162	1203	1158	1060	1034	1015	944	910	920	954	1017	1026	970	1013	1015	1018
1158	1234	1254	1256	1244	1263	1237	1235	1221	1177	1218	1173	1075	1047	1028	958	923	934	970	1033	1042	986	1028	1030
1143	1166	1241	1262	1265	1254	1272	1246	1244	1229	1186	1227	1181	1084	1056	1036	967	933	943	981	1043	1053	998	1039
1107	1145	1169	1243	1265	1269	1258	1276	1250	1247	1233	1190	1231	1185	1089	1060	1040	972	938	949	987	1050	1059	1005
1097	1109	1148	1173	1246	1268	1273	1263	1279	1255	1251	1237	1195	1235	1189	1095	1065	1045	978	944	955	995	1057	1066
1054	1105	1116	1155	1181	1254	1276	1282	1272	1288	1264	1260	1246	1204	1245	1198	1104	1073	1053	987	953	964	1006	1068
1022	1063	1113	1125	1163	1190	1262	1285	1293	1283	1299	1275	1271	1257	1215	1255	1209	1115	1084	1064	998	964	976	1018
1032	1031	1072	1124	1135	1173	1201	1273	1296	1305	1295	1311	1288	1282	1268	1227	1267	1220	1128	1095	1075	1009	976	988
1083	1043	1044	1086	1138	1149	1187	1217	1288	1312	1321	1312	1327	1304	1299	1285	1243	1284	1237	1144	1111	1091	1026	992
1102	1094	1055	1056	1098	1150	1162	1200	1231	1302	1327	1337	1328	1343	1320	1314	1300	1259	1300	1252	1160	1126	1105	1040
1141	1110	1102	1063	1065	1108	1161	1173	1210	1242	1313	1338	1350	1341	1355	1333	1327	1313	1271	1312	1264	1173	1138	1117
1117	1144	1114	1107	1068	1071	1114	1167	1179	1216	1249	1319	1345	1357	1349	1363	1341	1334	1320	1279	1320	1272	1181	1146
1198	1124	1150	1121	1114	1076	1079	1123	1176	1188	1225	1259	1329	1355	1368	1360	1373	1352	1345	1331	1290	1332	1283	1193
1194	1198	1126	1150	1122	1117	1079	1082	1126	1179	1192	1229	1263	1332	1358	1373	1365	1378	1357	1350	1336	1295	1337	1288
1337	1196	1199	1128	1151	1124	1119	1082	1086	1130	1183	1196	1233	1268	1337	1363	1378	1371	1383	1363	1355	1342	1301	1343
1440	1338	1198	1201	1130	1153	1127	1122	1086	1090	1135	1188	1201	1237	1273	1342	1368	1384	1377	1389	1370	1361	1348	1308
1059	1439	1336	1199	1201	1131	1153	1128	1124	1088	1092	1137	1191	1204	1240	1276	1345	1372	1388	1382	1394	1374	1366	1353
1103	1057	1435	1332	1196	1198	1129	1150	1126	1122	1087	1092	1137	1190	1203	1240	1276	1345	1371	1389	1383	1394	1375	1367
1072	1102	1059	1434	1331	1197	1197	1129	1150	1127	1124	1089	1094	1139	1192	1206	1242	1279	1347	1374	1392	1386	1397	1379
1081	1065	1094	1052	1423	1321	1189	1189	1123	1143	1120	1118	1083	1089	1134	1187	1200	1236	1273	1341	1368	1386	1381	1392
916	1070	1055	1083	1045	1411	1310	1180	1180	1115	1134	1112	1110	1076	1082	1127	1180	1194	1229	1267	1333	1360	1380	1374
816	909	1061	1047	1075	1038	1401	1300	1173	1171	1107	1126	1105	1104	1070	1077	1121	1175	1188	1223	1261	1327	1354	1374
845	805	896	1047	1034	1061	1027	1384	1285	1160	1159	1096	1114	1095	1094	1061	1068	1112	1165	1178	1213	1252	1317	1344
816	834	795	886	1034	1022	1049	1016	1368	1270	1148	1146	1085	1102	1083	1083	1051	1058	1102	1155	1168	1202	1241	1305
786	802	819	782	871	1016	1006	1032	1001	1347	1250	1131	1129	1069	1086	1069	1069	1037	1045	1089	1140	1154	1187	1226
742	775	792	809	772	861	1003	994	1020	990	1332	1237	1120	1117	1059	1075	1058	1059	1028	1036	1079	1131	1144	1178
694	729	760	778	795	758	846	985	978	1004	975	1310	1217	1103	1100	1043	1059	1043	1044	1014	1022	1065	1116	1130
668	681	715	746	763	780	745	831	968	962	987	960	1290	1198	1086	1084	1028	1044	1029	1030	1001	1009	1052	1103
644	648	660	693	724	742	759	724	809	941	937	962	937	1258	1169	1061	1058	1004	1019	1005	1007	979	987	1030
620	619	625	637	669	699	717	733	700	783	910	907	932	909	1219	1133	1030	1027	975	990	977	980	952	961
588	595	595	602	613	645	674	692	708	676	756	879	878	902	880	1181	1098	999	996	947	961	949	952	926
591	564	573	572	580	591	623	651	668	684	653	732	851	850	874	854	1146	1065	970	967	920	933	922	926
580	564	542	549	550	558	569	600	628	645	660	631	707	821	822	845	827	1109	1031	940	937	892	905	895
508	547	535	515	523	524	534	545	575	601	618	633	606	679	789	792	813	798	1068	994	908	905	862	875
453	479	515	505	488	496	499	509	520	549	575	591	606	580	651	755	760	781	767	1026	955	874	871	830
418	423	447	482	475	461	469	472	483	494	522	547	563	577	553	621	721	726	747	735	983	916	838	836
359	383	389	410	445	440	428	437	441	452	464	491	514	530	543	522	586	680	687	706	697	931	868	796
380	330	353	359	380	413	410	400	409	413	426	437	462	485	501	513	493	555	643	651	670	662	884	824
1523	1607	1635	1682	1734	1800	1890	1970	2038	2111	2183	2265	2353	2459	2577	2701	2825	2919	3060	3267	3465	3660	3832	4193
